

%DFT+DMFT data used to generate temperature data in : https://arxiv.org/abs/2105.02271 
%Delta N versus applied on-site field via term in
%Interaction Hamiltonian +/- Delta_S/2 * N_{-/+}; i.e. the atom with higher
%occupancy sees a negative on-site field Delta_S/2


bulk=[
0.22	1.209106
0.21	1.194028
0.2	1.176952
0.19	1.162163
0.18	1.142579
0.17	1.116733
0.16	1.094949
0.15	1.068016
0.14	1.037892
0.13	1.004513
0.12	0.942834
0.11	0.840647
0.1	0.650089
0.09	0.543565
0.08	0.462801
0.07	0.391415
0.06	0.328137
0.05	0.26928
0.04	0.213294
0.03	0.157391
0.02	0.100942
0.01	0.053838
0	0.000481]




bulk30=[0 0
    0.01   0.057115
    0.02 0.116251
    0.03  0.176197
    0.04 0.237794
    0.05 0.298429
    0.06 0.365036
    0.07 0.438079
    0.08 0.515458
    0.09 0.608473
    0.1 0.716839
    0.11 0.832335
    0.12 0.926608
    0.13 0.985800
    0.14 1.026481
    0.15 1.060246
    0.16 1.087911
    0.17  1.114542
    0.18 1.135836 
    0.19 1.159396
    0.20 1.175761
    0.21 1.191910
    0.22 1.209031]

bulk20=[
    0.0   0.0
    0.01 0.060927
    0.02 0.143761
    0.03 0.196635
    0.04 0.255012
    0.05  0.336410
    0.06 0.388369
    0.07  0.479828
    0.08 0.564965
    0.09 0.643104
    0.1 0.718560
    0.11  0.805407
    0.12 0.849697
    0.13 0.927933
    0.14 0.976423
    0.15  1.027867
    0.16  1.044862
    0.17 1.093470
    0.18  1.115762
    0.19 1.148835
    0.2    1.160077
    0.21 1.170787
    0.22 1.199197]

bulk202=[   0.0   0.0
    0.01 0.069091
    0.02 0.131183
    0.03 0.198097
    0.04 0.266324
    0.05  0.335117
    0.06 0.404762
    0.07  0.476034
    0.08 0.557635
    0.09 0.636439
    0.1  0.717122
    0.11  0.800604
    0.12 0.868755
    0.13 0.927679
    0.14 0.975198
    0.15   1.015551
    0.16  1.053426
    0.17 1.090220
    0.18  1.113611
    0.19 1.138374
    0.2    1.159864
    0.21 1.177715
    0.22 1.196761]

bulk12=[
    0.0 0.0 
    0.01 0.059991
    0.02 0.125711
    0.03 0.186680
    0.04  0.251660
    0.05 0.315633
    0.06 0.389718
    0.07 0.437606
    0.08 0.492627
    0.09 0.567396
    0.1  0.623821
    0.11 0.680820
    0.12 0.735601
    0.13 0.790509
    0.14 0.839667
    0.15 0.876671
    0.16 0.914905
    0.17 0.968698
    0.18 1.022138
    0.19 1.040426
    0.20 1.068004
    0.21  1.094963
    0.22 1.117893]

bulk10=[0.0 0.0
 0.01 0.055298
 0.02 0.122972
 0.03 0.175194
 0.04 0.236722
 0.05 0.298885
 0.06 0.358230
 0.07 0.408963
 0.08  0.470320
 0.09  0.516617
 0.1  0.573723
 0.11 0.626195
 0.12 0.671504
 0.13 0.725340
 0.14 0.773835
 0.15 0.810207
 0.16 0.858515
 0.17  0.895886
 0.18 0.935811
 0.19  0.967066
 0.20 1.001624
 0.21 1.035440
 0.22 1.058955]
    
bulk15=[0.00  0.0
    0.01 0.065586
    0.02 0.132468
    0.03 0.201079
    0.04  0.267140
    0.05  0.334204
    0.06  0.404222
    0.07 0.474631
    0.08 0.546301
    0.09 0.613876
    0.10 0.680318
    0.11  0.745370
    0.12  0.805128
    0.13 0.862625
    0.14 0.910187
    0.15 0.960006
    0.16  0.999248
    0.17 1.040040
    0.18 1.067599
    0.19  1.101437
    0.20  1.126931
    0.21 1.152131
    0.22 1.172371]

bulk35=[0.00  0.0
    0.01  0.06374
    0.02  0.107085
    0.03 0.169210
    0.04  0.226586
    0.05  0.284150
    0.06  0.344512
    0.07  0.414913
    0.08 0.489236
    0.09 0.569253
    0.10 0.690293
    0.11  0.823589
    0.12  0.940092
    0.13 0.988292
    0.14 1.043417
    0.15 1.060080
    0.16  1.095857
    0.17 1.105457
    0.18 1.142168
    0.19  1.15450
    0.20  1.171536
    0.21  1.188548
    0.22 1.208512]
bulk25=[0.00  0.0
    0.01  0.068099
    0.02  0.122629
    0.03 0.186909
    0.04  0.250450
    0.05   0.314395
    0.06  0.387110
    0.07  0.459488
    0.08 0.538308
    0.09  0.629621
    0.10 0.727670
    0.11  0.818406
    0.12  0.911210
    0.13 0.961986
    0.14 1.006614
    0.15 1.052584
    0.16  1.081896
    0.17 1.111952
    0.18 1.128515
    0.19  1.155379
    0.20  1.170724
    0.21  1.188888
    0.22 1.206796]


bulk11= [0.0 0.0
0.01 0.057013
0.02 0.119155
0.03 0.180831
0.04 0.247446
0.05 0.310741
0.06 0.373526
0.07 0.431365
0.08 0.492462
0.09 0.545678
0.1 0.602581
0.11 0.659362
0.12 0.712054
0.13 0.760725
0.14 0.809975
0.15 0.851617
0.16 0.898778
0.17 0.938152
0.18 0.973397
0.19 1.011903
0.20 1.042094
0.21 1.070320
0.22 1.102173]


bulk1025= [0.0 0.0
0.01 0.059873
0.02 0.117029
0.03 0.173743
0.04 0.238098
0.05 0.298785
0.06 0.361036
0.07 0.413095
0.08 0.467854
0.09 0.517034
0.1 0.581584
0.11 0.634050
0.12 0.680594
0.13 0.732906
0.14 0.781553
0.15 0.824405
0.16 0.8612830
0.17 0.906994
0.18 0.942284
0.19 0.981591
0.20 1.014196
0.21 1.048653
0.22  1.074909]

bulk105=[0.0 0.0
0.01 0.057232
0.02 0.125372
0.03 0.181052
0.04 0.240999
0.05 0.304856
0.06 0.358769
0.07 0.423960
0.08 0.476814
0.09 0.536206
0.1 0.589292
0.11 0.639850
0.12 0.689550
0.13 0.735263
0.14 0.795466
0.15 0.837120
0.16 0.873147
0.17 0.921574
0.18 0.953135
0.19 0.990780
0.2 1.023261
0.21 1.056823
0.22 1.085202]


bulk1075=[0.0 0.003754
0.01 0.065977
0.02 0.119510
0.03 0.182852
0.04 0.247673
0.05 0.308607
0.06 0.361966
0.07 0.424745
0.08 0.487460
0.09 0.542159
0.1 0.595860
0.11 0.655807
0.12 0.701643
0.13 0.756024
0.14 0.805746
0.15 0.843106
0.16 0.888620
0.17 0.924009
0.18 0.967177
0.19 0.993798
0.20 1.033235
0.21 1.061240
0.22 1.091461  ]

bulk115=[0.0 0.00
0.01 0.067584
0.02 0.129793
0.03 0.189522
0.04 0.249980
0.05 0.317310
0.06 0.381084
0.07 0.434685
0.08 0.492124
0.09 0.559766
0.10 0.616670
0.11 0.667816
0.12 0.729889
0.13 0.777392
0.14 0.822973
0.15 0.873167
0.16 0.912114
0.17 0.947857
0.18 0.992624
0.19 1.022885
0.20 1.051562
0.21 1.082392
0.22 1.110927]